$ 1 0.000005 10.20027730826997 50 5 50 5e-11
g 272 480 272 528 0 0
w 272 368 272 480 0
v 272 368 272 288 0 0 40 12 0 0 0.5
w 272 288 272 208 0
w 272 208 400 208 0
r 400 208 512 208 0 1000
w 512 208 656 208 0
w 656 208 656 288 0
w 656 288 656 304 0
r 656 304 656 384 0 1000
w 656 384 656 448 0
w 272 480 656 480 0
w 656 448 656 480 0
w 656 208 768 208 0
w 880 208 928 208 0
w 928 208 928 272 0
w 928 208 1104 208 0
r 928 272 928 368 0 1000
w 928 368 928 480 0
w 656 480 720 480 0
r 768 208 880 208 0 1000
r 784 480 880 480 0 1000
w 880 480 928 480 0
w 720 480 784 480 0
w 1104 208 1104 320 0
r 1104 320 1104 352 0 1000
w 1104 352 1104 480 0
w 928 480 1104 480 0
403 320 416 448 480 0 2_64_0_4099_20_0.0125_-1_4_2_3_25_0_25_3
o 2 64 0 4099 20 0.0125 0 4 2 3 25 0 25 3
38 2 F1 0 12 12 -1 Voltage
38 25 F1 0 1 1000 -1 R5
38 2 F1 2 12 12 -1 DC\sOffset
